   1.0000000e+00   0.0000000e+00   0.0000000e+00   0.0000000e+00   0.0000000e+00   0.0000000e+00   0.0000000e+00   0.0000000e+00   0.0000000e+00   0.0000000e+00   0.0000000e+00   0.0000000e+00   0.0000000e+00   0.0000000e+00   0.0000000e+00   1.0000000e+00   0.0000000e+00   0.0000000e+00   0.0000000e+00   0.0000000e+00   0.0000000e+00   0.0000000e+00   0.0000000e+00   0.0000000e+00   0.0000000e+00   0.0000000e+00   0.0000000e+00   0.0000000e+00   0.0000000e+00   0.0000000e+00
   1.0000000e+00   0.0000000e+00   0.0000000e+00   0.0000000e+00   0.0000000e+00   0.0000000e+00   0.0000000e+00   0.0000000e+00   0.0000000e+00   0.0000000e+00   0.0000000e+00   0.0000000e+00   0.0000000e+00   0.0000000e+00   0.0000000e+00   5.0000000e-01   5.0000000e-01   0.0000000e+00   0.0000000e+00   0.0000000e+00   0.0000000e+00   0.0000000e+00   0.0000000e+00   0.0000000e+00   0.0000000e+00   0.0000000e+00   0.0000000e+00   0.0000000e+00   0.0000000e+00   0.0000000e+00
   1.2500000e-01   7.5000000e-01   1.2500000e-01   0.0000000e+00   0.0000000e+00   0.0000000e+00   0.0000000e+00   0.0000000e+00   0.0000000e+00   0.0000000e+00   0.0000000e+00   0.0000000e+00   0.0000000e+00   0.0000000e+00   0.0000000e+00   5.0000000e-01   5.0000000e-01   0.0000000e+00   0.0000000e+00   0.0000000e+00   0.0000000e+00   0.0000000e+00   0.0000000e+00   0.0000000e+00   0.0000000e+00   0.0000000e+00   0.0000000e+00   0.0000000e+00   0.0000000e+00   0.0000000e+00
   1.6666667e-01   6.6666667e-01   1.6666667e-01   0.0000000e+00   0.0000000e+00   0.0000000e+00   0.0000000e+00   0.0000000e+00   0.0000000e+00   0.0000000e+00   0.0000000e+00   0.0000000e+00   0.0000000e+00   0.0000000e+00   0.0000000e+00   2.0833333e-02   4.7916667e-01   4.7916667e-01   2.0833333e-02   0.0000000e+00   0.0000000e+00   0.0000000e+00   0.0000000e+00   0.0000000e+00   0.0000000e+00   0.0000000e+00   0.0000000e+00   0.0000000e+00   0.0000000e+00   0.0000000e+00
   2.6041667e-03   1.9791667e-01   5.9895833e-01   1.9791667e-01   2.6041667e-03   0.0000000e+00   0.0000000e+00   0.0000000e+00   0.0000000e+00   0.0000000e+00   0.0000000e+00   0.0000000e+00   0.0000000e+00   0.0000000e+00   0.0000000e+00   4.1666667e-02   4.5833333e-01   4.5833333e-01   4.1666667e-02   0.0000000e+00   0.0000000e+00   0.0000000e+00   0.0000000e+00   0.0000000e+00   0.0000000e+00   0.0000000e+00   0.0000000e+00   0.0000000e+00   0.0000000e+00   0.0000000e+00
   8.3333333e-03   2.1666667e-01   5.5000000e-01   2.1666667e-01   8.3333333e-03   0.0000000e+00   0.0000000e+00   0.0000000e+00   0.0000000e+00   0.0000000e+00   0.0000000e+00   0.0000000e+00   0.0000000e+00   0.0000000e+00   0.0000000e+00   2.6041667e-04   6.1718750e-02   4.3802083e-01   4.3802083e-01   6.1718750e-02   2.6041667e-04   0.0000000e+00   0.0000000e+00   0.0000000e+00   0.0000000e+00   0.0000000e+00   0.0000000e+00   0.0000000e+00   0.0000000e+00   0.0000000e+00
   2.1701389e-05   1.5668403e-02   2.2879774e-01   5.1102431e-01   2.2879774e-01   1.5668403e-02   2.1701389e-05   0.0000000e+00   0.0000000e+00   0.0000000e+00   0.0000000e+00   0.0000000e+00   0.0000000e+00   0.0000000e+00   0.0000000e+00   1.3888889e-03   7.9166667e-02   4.1944444e-01   4.1944444e-01   7.9166667e-02   1.3888889e-03   0.0000000e+00   0.0000000e+00   0.0000000e+00   0.0000000e+00   0.0000000e+00   0.0000000e+00   0.0000000e+00   0.0000000e+00   0.0000000e+00
   1.9841270e-04   2.3809524e-02   2.3630952e-01   4.7936508e-01   2.3630952e-01   2.3809524e-02   1.9841270e-04   0.0000000e+00   0.0000000e+00   0.0000000e+00   0.0000000e+00   0.0000000e+00   0.0000000e+00   0.0000000e+00   0.0000000e+00   1.5500992e-06   3.3776662e-03   9.4024368e-02   4.0259642e-01   4.0259642e-01   9.4024368e-02   3.3776662e-03   1.5500992e-06   0.0000000e+00   0.0000000e+00   0.0000000e+00   0.0000000e+00   0.0000000e+00   0.0000000e+00   0.0000000e+00
   9.6881200e-08   6.3476563e-04   3.2126969e-02   2.4077768e-01   4.5292097e-01   2.4077768e-01   3.2126969e-02   6.3476563e-04   9.6881200e-08   0.0000000e+00   0.0000000e+00   0.0000000e+00   0.0000000e+00   0.0000000e+00   0.0000000e+00   2.4801587e-05   6.1259921e-03   1.0647321e-01   3.8737599e-01   3.8737599e-01   1.0647321e-01   6.1259921e-03   2.4801587e-05   0.0000000e+00   0.0000000e+00   0.0000000e+00   0.0000000e+00   0.0000000e+00   0.0000000e+00   0.0000000e+00
   2.7557319e-06   1.3833774e-03   4.0255732e-02   2.4314925e-01   4.3041777e-01   2.4314925e-01   4.0255732e-02   1.3833774e-03   2.7557319e-06   0.0000000e+00   0.0000000e+00   0.0000000e+00   0.0000000e+00   0.0000000e+00   0.0000000e+00   5.3822889e-09   1.0588577e-04   9.4531293e-03   1.1683858e-01   3.7360240e-01   3.7360240e-01   1.1683858e-01   9.4531293e-03   1.0588577e-04   5.3822889e-09   0.0000000e+00   0.0000000e+00   0.0000000e+00   0.0000000e+00   0.0000000e+00
   2.6911445e-10   1.5887979e-05   2.4532852e-03   4.7983349e-02   2.4406616e-01   4.1096264e-01   2.4406616e-01   4.7983349e-02   2.4532852e-03   1.5887979e-05   2.6911445e-10   0.0000000e+00   0.0000000e+00   0.0000000e+00   0.0000000e+00   2.7557319e-07   2.7915564e-04   1.3183422e-02   1.2543871e-01   3.6109843e-01   3.6109843e-01   1.2543871e-01   1.3183422e-02   2.7915564e-04   2.7557319e-07   0.0000000e+00   0.0000000e+00   0.0000000e+00   0.0000000e+00   0.0000000e+00
   2.5052108e-08   5.1006093e-05   3.8238787e-03   5.5202020e-02   2.4396029e-01   3.9392557e-01   2.4396029e-01   5.5202020e-02   3.8238787e-03   5.1006093e-05   2.5052108e-08   0.0000000e+00   0.0000000e+00   0.0000000e+00   0.0000000e+00   1.2232475e-11   2.1667994e-06   5.7128626e-04   1.7163150e-02   1.3256117e-01   3.4970223e-01   3.4970223e-01   1.3256117e-01   1.7163150e-02   5.7128626e-04   2.1667994e-06   1.2232475e-11   0.0000000e+00   0.0000000e+00   0.0000000e+00
   5.0968645e-13   2.7086165e-07   1.2091392e-04   5.4581869e-03   6.1867668e-02   2.4313092e-01   3.7884408e-01   2.4313092e-01   6.1867668e-02   5.4581869e-03   1.2091392e-04   2.7086165e-07   5.0968645e-13   0.0000000e+00   0.0000000e+00   2.0876757e-09   8.5239799e-06   9.9847474e-04   2.1268582e-02   1.3845147e-01   3.3927295e-01   3.3927295e-01   1.3845147e-01   2.1268582e-02   9.9847474e-04   8.5239799e-06   2.0876757e-09   0.0000000e+00   0.0000000e+00   0.0000000e+00
   1.6059044e-10   1.3133086e-06   2.3762985e-04   7.3122367e-03   6.7974967e-02   2.4178842e-01   3.6537087e-01   2.4178842e-01   6.7974967e-02   7.3122367e-03   2.3762985e-04   1.3133086e-06   1.6059044e-10   0.0000000e+00   0.0000000e+00   1.9603325e-14   3.1253757e-08   2.3492285e-05   1.5671731e-03   2.5404406e-02   1.4331502e-01   3.2968988e-01   3.2968988e-01   1.4331502e-01   2.5404406e-02   1.5671731e-03   2.3492288e-05   3.1242917e-08   6.1397614e-11   0.0000000e+00
   7.0011875e-16   3.3486358e-09   4.2229561e-06   4.1109051e-04   9.3410819e-03   7.3541033e-02   2.4008299e-01   3.5323916e-01   2.4008299e-01   7.3541033e-02   9.3410819e-03   4.1109051e-04   4.2229785e-06   3.2530206e-09   3.9125996e-10   1.1470746e-11   1.8776463e-07   5.2046375e-05   2.2759197e-03   2.9499800e-02   1.4732180e-01   3.2085025e-01   3.2085025e-01   1.4732180e-01   2.9499800e-02   2.2759197e-03   5.2046375e-05   1.8776463e-07   1.1470746e-11  -2.2941491e-11
